mass_C
t	x	y
0.0	-2.3112786287471607	4.462791453663826
0.03333333333333576	-2.326011113354511	4.46025023429582
0.06663333333333503	-2.300136362394042	4.462263614326659
0.0999555555555562	-2.301329179155971	4.460825569777924
0.13327777777777738	-2.2878979907910804	4.461809464497392
0.1666000000000022	-2.2327934533037137	4.460756437753872
0.1999333333333343	-2.3878057497624354	4.90065403011873
0.23325555555555547	-2.315338413069483	5.387822580283299
0.2665777777777803	-2.3205239605368604	5.393872537056993
0.2999111111111124	-2.3216138876390318	5.41173351200338
0.3332333333333372	-2.436710998295652	5.518497458404028
0.36654444444444745	-2.1933035207060954	5.566325754650201
0.39987777777777955	-2.1843241356677936	5.546538609665745
0.4331888888888898	-2.1588675247859612	5.534251089106974
0.4665111111111146	-2.29645862958607	5.92810901477489
0.499855555555554	-2.181404558561482	5.879800545429106
0.5331888888888898	-2.299628820371751	6.172397254691845
0.5665	-2.2840784190894823	6.168477324461293
0.5998222222222211	-2.2809832884939	6.164411777261307
0.6331555555555569	-2.254789628988192	6.163796350351774
0.6664777777777781	-2.2417634596272507	6.162432191186809
0.6997777777777774	-2.234896813772451	6.164251256960426
0.7330999999999985	-2.3283012868699444	6.459701613071246
0.7664222222222233	-2.3278104279947343	6.465564356545997
0.7997555555555554	-2.3442345948214154	6.471989488669969
0.8330777777777767	-2.327295449134084	6.479515151655093
0.8663888888888869	-2.349198093534227	6.890096985449432
0.8997444444444446	-2.2433272960528257	6.8129022803891885
0.9330444444444438	-2.2479736651262243	6.810038739125133
0.9669444444444489	-2.243606847545621	6.838534456168361
0.9996888888888897	-2.24851250126126	7.155305600344583
1.0330111111111109	-2.2385172993356974	7.144702448579729
1.0663444444444468	-2.2345314780506556	7.136625719095463
1.099655555555557	-2.3816291858054086	7.421938643339878
1.132988888888889	-2.4766056975562805	7.52630238725974
1.166311111111114	-2.2932419112392353	7.852274388169022
1.1996222222222241	-2.256637965565929	7.866382777023347
1.2329555555555562	-2.368051809793684	7.968108218264597
1.2662666666666664	-2.324717087783	8.082977674068125
1.299611111111113	-2.2763071598460414	8.294893205532198
1.3329222222222235	-2.2360198951544135	8.295266875291702
1.3662666666666665	-2.2253484938099746	8.292356978736407
1.3995777777777803	-2.2497045526270085	8.295923601195298
1.4329000000000014	-2.2887012502620365	8.616297011099753
1.4662222222222263	-2.267442335279867	8.618491130210288
1.4995444444444475	-2.2701172578804147	8.618232671582973
1.5330333333333366	-2.2716542353746974	8.617231753913671
1.5661888888888935	-2.2567697054834355	8.614330768139261
1.5995333333333328	-2.2515078956424475	8.615357069064345
1.6329333333333342	-2.4524991400078306	8.077813845552527
1.666144444444446	-2.2619755985551677	8.108411010169633
1.699477777777778	-2.254229825886398	8.103432593167248
1.7328111111111102	-2.4163810146019813	8.062549221948863
1.7661222222222204	-2.305694651167755	7.57256701121058
1.799644444444446	-2.324862231672114	7.541070499994305
1.8327777777777774	-2.4398731526383557	7.456959243734396
1.866100000000002	-2.3648296345631934	7.1114312714626635
1.8994111111111125	-2.599654437373971	6.911452328691574
1.9327444444444446	-2.400557330294589	6.695175266794308
1.9660666666666657	-2.3769733340896124	6.690687624077725
1.9994000000000014	-2.3685152711667	6.676977130558598
2.0327222222222225	-2.3536653501060414	6.686688856931276
2.066033333333333	-2.3507692763705847	6.69366114664755
2.0993888888888903	-2.3535838718302955	6.697072953208888
2.13268888888889	-2.357278070702904	6.701445336539891
2.166	-2.5028108379866865	6.083567062643702
2.199333333333336	-2.3803787201621702	6.163299981381336
2.2326444444444458	-2.354413650904789	6.162433230262863
2.265977777777778	-2.3683280825783726	6.144946477577506
2.2994555555555563	-2.483370639293625	5.7019119792709745
2.332622222222224	-2.4131639455305844	5.733681445607473
2.36595555555556	-2.4555404229784727	5.720536608491116
2.399277777777781	-2.651006543962268	5.107849131950296
2.4326111111111093	-2.3804582167707906	5.109436220422388
2.4659333333333344	-2.346070954770269	5.1039881471224575
2.4992444444444484	-2.3307121879950614	5.103599466467827
2.5325666666666695	-2.3314387597169457	5.103402726854284
2.5658777777777795	-2.340285295689384	5.108693212227969
2.5992222222222225	-2.348850173379688	5.106847161509428
2.632533333333333	-2.334076366310555	5.105233188306158
2.665855555555554	-2.3934776782579235	5.093760850801296
2.699177777777779	-2.412309534561345	4.762025320612523
2.7658444444444465	-2.3991977332148906	4.769559850520501
2.799155555555557	-2.4096340304543418	4.775011693228862
2.8324666666666674	-2.417713082454469	4.78026531216652
2.8657888888888885	-2.414902629471527	4.781648718157442
2.932444444444445	-2.4029539914714917	4.780896519121754
2.9657777777777774	-2.389745804553044	4.779900388791837
2.9990888888888914	-2.396996488756116	4.780424502403719
3.0324222222222232	-2.4170389996702824	4.781128902780168
3.0657444444444444	-2.907130585400864	3.942971978727897
3.0990666666666695	-2.519579660557156	4.039869656472526
3.1323777777777795	-2.490677682787691	4.02915655400875
3.1657000000000006	-2.4629141981187814	4.0183465658470325
3.1990444444444472	-2.434095848124201	4.026051243797774
3.2323666666666684	-2.426961040927111	4.033631328764301
3.265666666666668	-2.4362557827365805	4.037317521752627
3.2990666666666693	-2.445215012000048	4.036880455097382
3.332333333333336	-2.4402053613317776	4.035929281806737
3.3656666666666677	-2.4143347675346263	4.033630772919587
3.3989777777777817	-2.4051058529691005	4.029828714531298
3.432288888888892	-2.4094103515449916	4.0317335049081535
3.465622222222224	-2.4187100315474765	4.0345891734019546
3.498944444444449	-2.4262542972793284	4.0367660626917825
3.53226666666667	-2.426533817779415	4.03957096544017
3.5655888888888914	-2.4207566230088275	4.0373122420085465
3.5989222222222232	-2.4094973524754977	4.0355642505972185
3.6322444444444444	-2.408481339289395	4.0326552614899
3.665555555555555	-2.411140785712689	4.03213342643722
3.6988888888888907	-2.4175597925556787	4.034845166988681
3.732211111111112	-2.427942493717552	4.0375534098595125
3.765533333333333	-2.4120962185983643	4.039556597308966
3.798844444444443	-2.4120540981764407	4.036568885298948
3.832177777777779	-2.413124563165468	4.031965899591121
3.8655	-2.467345445409478	4.43819221746611
3.898833333333336	-2.3416815423077537	4.371470629669972
3.9321444444444458	-2.336434630190837	4.367487422592397
3.965477777777778	-2.3452147961197625	4.364789169006698
3.998800000000003	-2.3348934347204704	4.368012066553618
4.032111111111113	-2.316345955727911	4.364409556328397
4.06543333333333	-2.311800143497379	4.3563338261235955
4.09876666666667	-2.708966214314188	4.653777597345119
4.132088888888887	-2.4010103672648313	4.759985896329518
4.165411111111112	-2.3767076198291903	4.779526433319944
4.198744444444444	-2.405296569491938	4.781179784705849
4.232055555555554	-2.41111795621849	4.783118822063692
4.26537777777778	-2.3963328596368285	4.7809288426385095
4.298744444444445	-3.143641958129777	5.179665072789788
4.332055555555555	-2.4650785265575337	5.296476360419845
4.365344444444447	-2.4082787741160843	5.314203211337492
4.3986888888888895	-2.4125929637847037	5.324433424575126
4.432000000000004	-2.4102298635016126	5.325401379636368
4.465311111111114	-2.41158008244129	5.319000136615365
4.498644444444446	-2.411222557544363	5.31483831011721
4.532011111111111	-2.4101825206597596	5.310135136804952
4.5653	-2.4100448147997753	5.303747940625378
4.598622222222224	-2.505607860854326	5.4229297512696135
4.632077777777781	-2.5213299011164594	5.497498448451957
4.665255555555552	-2.5334117275754835	5.512822815391587
4.698588888888891	-2.538772073739125	5.514068390900512
4.732011111111115	-2.522518064129372	5.513711342118754
4.765244444444448	-2.4969013263037	5.509961030185636
4.798555555555562	-2.514462645664267	5.514882259124249
4.8318777777777795	-2.5376631909046097	5.518218178000211
4.865200000000004	-2.543000185842274	5.524017931432027
4.898533333333333	-2.551228824950485	5.525571953961183
4.931855555555558	-2.5495494256101665	5.525474348978626
4.965166666666671	-2.5361679475365975	5.5230904556388865
4.998544444444451	-2.5368579096383144	5.521036524906805
5.031822222222225	-2.6343150224124656	5.820084528972195
5.065144444444449	-2.5466968211415235	6.054660461668142
5.098477777777778	-2.570809797746577	6.05787131216681
5.131799999999996	-2.5847227393462475	6.0582847858522655
5.16512222222222	-2.6813260758247424	6.350407224016166
5.198433333333334	-2.484279837575258	6.2976307471734145
5.231766666666663	-2.4711554482886555	6.277165424764945
5.265077777777777	-2.4820258116636325	6.5924282225089925
5.298400000000002	-2.515867179693487	6.588148971349568
5.3317222222222265	-2.5339804576677665	6.590775663970575
5.365055555555554	-2.5298587497931635	6.600228045938287
5.39838888888889	-2.6588198871280895	6.994611487501473
5.431711111111115	-2.4680053395763366	6.937796910062509
5.465044444444444	-2.4462137094395473	6.930887977664668
5.498355555555557	-2.4649185657178236	7.252751955805323
5.531677777777783	-2.4404888494971146	7.244968773818066
5.565011111111111	-2.448451796463729	7.245938605802429
5.598311111111114	-2.4555350722116316	7.247329065466495
5.6316333333333315	-2.4557310931983523	7.237341406902651
5.664977777777778	-2.445521223175888	7.231426016801002
5.698300000000003	-2.4392762234507472	7.230905630719384
5.731611111111117	-2.450967995362518	7.230836239363413
5.7649444444444455	-2.4405725530444613	7.2314670179522835
5.79826666666667	-2.472310236932586	7.233076222477315
5.831588888888888	-2.4602104504744347	7.234117838150688
5.8649111111111125	-2.4542309298312546	7.2324305137128135
5.898233333333337	-2.4561343092825467	7.230774739055249
5.931566666666666	-2.5739508975161414	6.658110633395246
5.964888888888891	-2.420213647236011	6.721576265941422
5.998211111111108	-2.3816096510355322	6.715040143310624
6.031522222222222	-2.373898234277533	6.7156600432480715
6.064855555555558	-2.3576187366827526	6.714818722281976
6.098177777777775	-2.370788940448051	6.708422209031205
6.1315	-2.3630308838622085	6.704741176229163
6.1648111111111135	-2.344877916578241	6.70309692007708
6.198144444444442	-2.350499918658926	6.700708289134269
6.231488888888889	-2.4247126489192254	6.683625154640758
6.264777777777781	-2.432690950958275	6.190282389253419
6.298099999999999	-2.3922286792552114	6.171160143312811
6.331422222222224	-2.404001086457157	6.166666638061784
6.36476666666667	-2.3974557315958407	6.164570834863483
6.398099999999999	-2.4177512725799346	6.165244720462553
6.431422222222223	-2.4281146405282215	6.165161195523112
6.464722222222219	-2.4255995590814194	6.1664488602497585
6.4992000000000045	-2.4395451340389798	6.166730062524778
6.53137777777778	-2.4390682798362633	6.166428011983342
6.564688888888886	-2.4353373094730557	6.165474529297775
6.598022222222229	-2.434091093086451	6.164327929706715
6.631344444444447	-2.4393094929400405	6.164287827769236
6.664677777777775	-2.4372482807520157	6.1653049257225305
6.698	-2.4420664316081826	6.166071272199531
6.731300000000003	-2.4511692133759055	6.166747803148532
6.764633333333339	-2.445370510174371	6.166707155961461
6.798233333333338	-2.4337707966160167	6.165982914709097
6.831299999999995	-2.4361031346952586	6.164114533183081
6.864600000000006	-2.4433170031361016	6.1636430724913325
6.897988888888889	-2.4499905448751633	6.164264451480342
6.931266666666663	-2.443570598288943	6.168531218836904
6.965111111111117	-2.440249674299352	6.167314946258848
6.997900000000001	-2.444120455022045	6.166534501325202
7.031244444444448	-2.4356700446179502	6.166549982665394
7.064544444444444	-2.429991002813267	6.166088806871578
7.0978777777777795	-2.4443849089639116	6.16507718688888
7.131199999999997	-2.4465109492264645	6.165870402449535
7.164522222222222	-2.445724345671408	6.167282650395464
7.1978444444444465	-2.447780559589731	6.166857302534936
7.231300000000003	-2.4465759612646565	6.16733072521162
7.264522222222229	-2.4411977848867537	6.166164883615167
7.2978111111111135	-2.439084094888983	6.166090582659777
7.331122222222228	-2.4410477720914514	6.166077986782696
7.364455555555557	-2.439837989140372	6.166329124486765
7.397777777777773	-2.441859872164585	6.166451051521044
7.431099999999999	-2.446448226508764	6.167038149380893
7.464488888888889	-2.4421330296512167	6.16647895625745
7.4977555555555595	-2.4362903758896834	6.1655361579428245
7.531077777777784	-2.4371704586468184	6.165652771158989
7.564522222222222	-2.4373501403191256	6.166191183721551
7.597733333333337	-2.439955965680838	6.165960097657916
7.631111111111109	-2.439380255475669	6.166397405341648
7.664366666666669	-2.4364464157580983	6.166433251205092
7.6976888888888935	-2.4541701125959747	6.527120950805326
7.731011111111118	-2.379605667647539	6.704396560423966
7.764344444444447	-2.3564627526289996	6.703802251589174
7.7976555555555604	-2.557075694395593	6.818020360276691
7.831	-2.4195406088150406	7.127706184802555
7.864311111111114	-2.3859341805192003	7.134373408792477
7.8976333333333315	-2.389930055652968	7.131178401336427
7.930955555555556	-2.330493550333017	7.151420800384081
7.964277777777781	-2.411688203592604	7.422992009422401
7.997733333333337	-2.390982133490965	7.430194895551779
8.030922222222223	-2.405077818401125	7.435049055215352
8.064244444444448	-2.6048798847046726	7.823456049622855
8.097577777777776	-2.424015229361956	7.862128831903739
8.130900000000002	-2.430630631403787	7.864670497520706
8.16422222222222	-2.4410939913562686	7.864705649878509
8.197533333333332	-2.4089509594525254	7.887928762985197
8.23086666666667	-2.41100092131353	7.965461511965209
8.264188888888887	-2.386488910091714	7.970513918014937
8.297511111111112	-2.380278781782664	7.97346421943633
8.330833333333336	-2.3945732629690326	7.974687581527739
8.364155555555554	-2.39122917026819	7.975979155910764
8.397477777777778	-2.3766993310191253	7.978363885220226
8.46412222222222	-2.3642719686454683	7.977276661594466
8.497455555555556	-2.355112849905481	7.976785532032601
8.53077777777778	-2.365297946928024	7.976707638250836
8.564100000000005	-2.3563290375890773	7.9784509547565605
8.63073333333333	-2.408131879230055	8.16672041483411
8.664066666666672	-2.41247013287726	8.176298930768738
8.69738888888889	-2.38059550814134	8.18072891030215
8.730722222222226	-2.3728369733172343	8.191430963127694
8.764033333333341	-2.4041670860709843	8.499468988419167
8.797366666666669	-2.3811961308460923	8.502727381252953
8.830711111111116	-2.3865181230185897	8.502723049914486
8.864011111111111	-2.3774794701453033	8.506324513490569
8.897333333333336	-2.3692172647743206	8.507308827017745
8.93064444444445	-2.3730588229703358	8.507562101125814
8.963988888888888	-2.3668291418151313	8.507747836336364
8.997300000000003	-2.368400345585698	8.50857024369406
9.03062222222222	-2.3700726703014965	8.509029909342253
9.063955555555555	-2.374529468937041	8.508794856689448
9.097277777777773	-2.383237144132096	8.50867692188973
9.1306	-2.383664628143265	8.508079591433535
9.163922222222224	-2.3772520032697315	8.50891054076476
9.197244444444442	-2.3822942006993344	8.509632479150135
9.230566666666666	-2.3931336882072856	8.508228987915643
9.263888888888891	-2.3766334540740957	8.512051215231942
9.297211111111109	-2.3736262792131555	8.51017703552963
9.330533333333333	-2.37320453716562	8.510189563598239
9.363855555555558	-2.368218514089108	8.510374230711612
9.397211111111115	-2.369078165289636	8.51004106201433
9.430511111111118	-2.3712917565907787	8.509072717310872
9.464066666666666	-2.376304114919691	8.508100894541094
9.49715555555556	-2.367063547394494	8.508505293639466
9.530588888888895	-2.3629608718066635	8.509359783159198
9.563800000000002	-2.378958200096406	8.5116830524833
9.597122222222227	-2.3706746273777526	8.511334941141662
9.630444444444445	-2.373540295039689	8.511228912268642
9.663777777777781	-2.6213590204842916	8.381238393914856
9.697088888888896	-2.3270425007235502	7.5689891180365905
9.730411111111112	-2.681660036535021	6.892329384881052
9.763733333333338	-3.403480213266832	6.69197436526958
9.797066666666666	-2.4008959394108587	6.5255135203988885
9.83037777777778	-2.372838828385582	6.4836691564361
9.863700000000005	-2.336867721904241	6.484083938370951
9.897033333333333	-2.6133599014195	5.825755491085815
9.930366666666668	-2.373747499140933	5.870328642021072
9.963677777777782	-2.447364637877783	4.998038695647651
9.99701111111111	-2.4220619694169727	4.995370802171124
10.0305	-2.4579469591197665	4.954726714917321
10.063655555555552	-2.5340446568524584	4.3846164903356595
10.096977777777779	-2.4350892383948946	4.422739573150174
10.130299999999995	-2.4635383502352397	4.436491343234366
10.163622222222221	-2.574826108117918	3.9469194355236183
10.196944444444446	-2.423065191613631	3.9477497483853483
10.230266666666664	-2.3955709335289868	3.9375033228592144
10.263588888888888	-2.401049690106518	3.9267315857795566
10.296922222222223	-2.4031821130654123	3.924732760849217
10.330244444444448	-2.402449853393648	3.9289827092797154
10.363555555555555	-2.4096359721375507	3.930786567906509
10.39687777777778	-2.407410456389698	3.935235320726335
10.430199999999997	-2.424877109729522	3.9315190119067793
10.463544444444445	-2.4128003634408373	3.929964025298453
10.496855555555557	-2.411910841747911	3.9264378598710152
10.530177777777782	-2.41065737312438	3.9258329764606543
10.563511111111112	-2.409233235113703	3.9284321224561793
10.596833333333336	-2.4116643785468455	3.928614653361386
10.630177777777783	-2.412109099308296	3.9337148686228574
10.663466666666675	-2.4104548773490677	3.931239426696841
10.696800000000003	-2.5155388774338547	3.8457028783319416
10.73012222222222	-2.4070043521142566	3.3975514098642563
10.763444444444445	-2.471253001354924	3.379386180122502
10.79675555555556	-2.4675134548990485	3.3826265989159907
10.830099999999998	-2.4543495825470103	3.3861776791123717
10.863422222222223	-2.4502231903592815	3.392246002288701
10.896822222222225	-2.429457854199839	3.3944023238591043
10.930055555555555	-2.417404491177436	3.3955680095502316
10.96337777777778	-2.408989277349079	3.3946872266112393
10.996700000000004	-2.4210850257692442	3.3866029634872703
11.030033333333332	-2.4135055973421657	3.3915255853621176
11.063377777777779	-2.4063350703880673	3.3950398131270347
11.096677777777774	-2.416479193196025	3.396544754227037
11.13	-2.4129154684097927	3.397441872568706
11.163322222222225	-2.4159044245683674	3.3966639408960617
11.196644444444443	-2.40858538039744	3.3956019793607766
11.229977777777778	-2.4087973814639696	3.3945306245940685
11.26327777777778	-2.403640035041235	3.3938402776059675
11.296622222222227	-2.4054196436232758	3.395859957055876
11.329933333333335	-2.3990257626983293	3.3994663960760363
11.36326666666667	-2.4079565262598663	3.3978931123092053
11.39661111111111	-2.4053232107302165	3.3972578266548084
11.429922222222224	-2.4025484978784846	3.395948230085885
11.463233333333337	-2.4040287664150384	3.393348151635749
11.496555555555561	-2.4035106766910417	3.394203884897877
11.529888888888891	-2.4057903845117323	3.3953655080359937
11.563222222222219	-2.402564208100941	3.396930000387165
11.596522222222228	-2.409747950303796	3.3981249530550244
11.629855555555558	-2.400622333256152	3.397389394614571
11.663177777777783	-2.61749055865522	3.6256658255483387
11.6965	-2.493181765014725	4.0400937702724775
11.729811111111115	-2.290419007691767	4.281244355717227
11.763166666666672	-2.4424224409405184	4.31960474214798
11.796466666666667	-2.362781291518928	4.699218087498387
11.829788888888892	-2.3462541489795967	5.563803544086383
11.863177777777775	-2.5706949670624795	5.915720965827418
11.896433333333334	-2.360669990593479	6.057026391588522
11.929766666666662	-2.4938948521687365	6.337346817954987
11.963077777777777	-2.623868914280962	6.558003301240177
11.996400000000001	-2.341563951712871	7.138561221651344
12.029788888888884	-2.3469196341149967	7.6716550256698355
12.063066666666673	-2.2326483616323856	7.994643801234126
12.09638888888889	-2.1977047464850585	7.989352213248381
12.129699999999998	-2.1994859093289136	7.989197153235779
12.16303333333334	-2.212545587672196	7.987261611593908
12.196366666666668	-2.309219825547075	8.173646378283422
12.229677777777782	-2.237409794754285	8.51022047196036
12.26298888888889	-2.2474273694768954	8.482437815474263
12.296333333333335	-2.245078984300619	8.498220782609849
12.329655555555552	-2.2831781330065724	8.500556454523398
12.362966666666667	-2.2789873677517534	8.508062690673391
12.396288888888892	-2.270168201706767	8.50740680029277
12.429644444444449	-2.2682237624431707	8.508099582734467
12.462933333333334	-2.2690195878744106	8.506235555239968
12.49626666666667	-2.272121998623632	8.50542539514386
12.529599999999999	-2.2664302727442447	8.510204204772641
12.5629	-2.2734709997249496	8.51178459705929
12.596233333333338	-2.2875146330978566	8.51160539281073
12.629555555555555	-2.2763273044026135	8.51050891819554
12.662955555555556	-2.2558961343345914	8.511166884237895
12.696222222222227	-2.2591561800063715	8.5098137350368
12.729544444444445	-2.260086367349558	8.510399298727556
12.76288888888889	-2.2601646029914804	8.511846637994985
12.796177777777775	-2.2651464047662273	8.512562940171996
12.82948888888889	-2.2668286042061823	8.51336989853791
12.862811111111114	-2.2753362533033084	8.512091223721484
12.896144444444442	-2.264697422186316	8.511116257109322
12.929477777777779	-2.2696863734294936	8.720888251340568
12.962788888888884	-2.2224326188065646	8.731056485496033
12.996111111111109	-2.304139860168249	8.931323981800524
13.029433333333333	-2.2787859515459132	8.93502595020243
13.06276666666667	-2.2861033132474518	8.935081975789416
13.09612222222222	-2.2676404429790153	8.935342445754408
13.129444444444445	-2.265872417720715	8.934619466835848
13.16275555555556	-2.2852631408747897	8.93487067378475
13.196055555555562	-2.2830213696950494	8.935321311764717
13.22938888888889	-2.2789261393452023	8.936347749609915
13.262688888888887	-2.3771128422763326	9.042879803324311
13.296033333333332	-2.368928875454344	9.115570266571702
13.329344444444446	-2.3328313531609837	9.12883782237769
13.362677777777774	-2.3528869412497215	9.131002015220801
13.395988888888896	-2.3672111748110183	9.12950418966038
13.429322222222225	-2.362740827218019	9.139869321230073
13.529288888888892	-2.3827294230096925	9.146118936509723
13.56261111111111	-2.367072760025195	9.144281631382782
13.595933333333335	-2.3652357168736415	9.145096076718275
13.729222222222226	-2.3760949278695307	8.515129079250414
13.762544444444444	-2.665126440693612	8.459329032049055
13.795877777777779	-2.548548796882784	7.660667252431914
13.829199999999997	-2.5476229067671596	7.115902930492794
13.862522222222221	-2.4920924863198195	7.10877172216729
13.895855555555558	-2.6159500811048844	6.416551491210448
13.92915555555556	-2.5137849545813964	5.874491201406499
13.962488888888888	-2.4141688257906395	5.868322798851729
13.995811111111106	-2.525262206648989	5.84038880678623
14.029155555555553	-2.6906595097319013	5.281038131151746
14.062477777777778	-2.4364712388832714	5.223843384057126
14.095777777777773	-2.508926265243346	4.794613371900063
14.1291	-2.5729159993064457	4.849639622566848
14.162433333333334	-2.8732423933351043	3.948102845083092
14.19576666666667	-2.541757875020892	4.037074743409178
14.229066666666666	-2.503120922459644	4.041416249571071
14.262411111111112	-2.4806197789271636	4.037834024917274
14.295722222222226	-2.497319033064997	4.037029978827434
14.32904444444445	-2.4974058929163476	4.037585644596639
14.362366666666668	-2.500565055351103	4.040629252110122
14.395688888888893	-2.5117468321271303	4.0382913341437074
14.429033333333333	-2.50883041604186	4.036853023160177
14.462333333333335	-2.5124944477265956	4.035353784047757
14.495666666666672	-2.512377987510078	4.03370628474476
14.52898888888889	-2.512317031485722	4.033416382496789
14.562311111111114	-2.5113070119278547	4.034676926410803
14.595633333333332	-2.518851874770945	4.03482728741416
14.628955555555557	-2.520671771355765	4.035924438468612
14.662277777777781	-2.5204030753723146	4.034931545848664
14.69561111111111	-2.517658046534507	4.034673812095747
14.728922222222224	-2.513393276801125	4.033508498232052
14.762255555555551	-2.514668925474467	4.034301914753364
14.795577777777776	-2.521514131700883	4.033691146516169
14.8289	-2.522023017900395	4.034005832499865
14.862211111111115	-2.5250409476797984	4.034345387506356
14.895544444444443	-2.5157496682398204	4.0353386960150885
14.928866666666668	-2.519235308293446	4.034319894120195
14.962188888888885	-2.5151969497249382	4.03387256766613
14.99552222222223	-2.520070172737718	4.033913243614343
15.028833333333337	-2.520738052355682	4.035104695418603
15.062166666666672	-2.520481137958697	4.034728064071501
15.095477777777779	-2.522531867468416	4.034989724107028
15.128811111111114	-2.5128678612796165	4.03577273310912
15.162133333333339	-2.514958719250302	4.034686780579932
15.195455555555556	-2.515232637330186	4.034218694635527
15.22877777777778	-2.5148282656003005	4.0341486535982725
15.262100000000006	-2.516393442480876	4.034665573158975
15.295455555555556	-2.5160556511904133	4.034574692333358
15.328744444444448	-2.5299126229004827	4.034376201724356
15.362066666666673	-2.520728918562966	4.0344795053071465
15.395400000000002	-2.522949424888452	4.033539376844473
15.428722222222227	-2.5187972876016573	4.033899593105772
15.462099999999998	-2.518642735217213	4.034361489450049
15.49538888888889	-2.5145551947895086	4.03491345029493
15.528688888888894	-2.5148355356672027	4.036682793911837
15.562166666666672	-2.52952643404673	4.034114528709409
15.59534444444444	-2.5273371604022543	4.034496127026735
15.628666666666664	-2.7168554035307153	4.412570189497714
15.662100000000006	-2.8364854470798093	4.572415984405723
15.695311111111106	-2.5363452359543146	4.6741417308748225
15.72864444444445	-2.516027904848812	4.680585144691754
15.762122222222228	-2.5317038572726887	4.678207367668783
15.795277777777773	-2.526645953118873	4.676254294183622
15.828599999999998	-2.518875027009173	4.675509108389086
15.861955555555564	-2.561217974356566	5.11169113490525
15.89526666666667	-2.5273182704912784	5.097919307137424
15.928566666666665	-2.5227999559886456	5.0982340679860485
15.96188888888889	-2.525292417736381	5.101525712305893
15.995222222222226	-2.5274363276536462	5.102153344843508
16.028533333333332	-2.5398704417444407	5.100260132318361
16.06212222222222	-2.5326858183034062	5.098381611284253
16.09518888888889	-2.5197991072771515	5.112471435174335
16.12851111111112	-2.5193130673613098	5.5276471911816145
16.161833333333337	-2.5184550174788853	5.530617450531132
16.195155555555562	-2.5186993188814597	5.533670038125294
16.228466666666666	-2.529178236852289	5.533186617101016
16.261822222222225	-2.5200787949734433	5.531877245446445
16.29515555555556	-2.51459426938699	5.525775851825443
16.328444444444447	-2.524123704539619	5.523332776313893
16.36176666666667	-2.522943954209552	5.5245932247039775
16.395088888888896	-2.535598193201565	5.526220690361917
16.428411111111114	-2.5442508514323805	5.528710207943398
16.46176666666667	-2.53971670751568	5.529009671023573
16.495077777777777	-2.5429031566977613	5.52620139744019
16.52841111111111	-2.5340957468218193	5.525323249173873
16.561988888888887	-2.527837507232519	5.522859951802573
16.595033333333333	-2.534149355822848	5.523971637584005
16.62836666666667	-2.540400406778147	5.52507960411122
16.661677777777783	-2.542564671710906	5.527945731212775
16.695	-2.5448990958872884	5.528451554506809
16.728333333333328	-2.649914999578087	5.719534890552282
16.761655555555553	-2.5634066166782787	5.731885371349776
16.794988888888888	-2.5547267063709853	5.7333226547619205
16.828299999999995	-2.542976377550346	5.735891992674695
16.861644444444444	-2.544662474261571	5.736900232122508
16.89496666666667	-2.5643638544882066	5.737787777747997
16.928322222222217	-2.545629534756273	5.739781185744171
16.961588888888887	-2.5425023744537185	5.738558654484933
16.994944444444453	-2.571598970200455	6.0470977017799115
17.028244444444447	-2.568610979362674	6.043919204268946
17.061633333333333	-2.5665965388290886	6.049558414116021
17.09488888888889	-2.5690214026763982	6.050918892583063
17.128233333333338	-2.566594543554089	6.052764250052327
17.16153333333334	-2.7763782919513034	6.154342639185387
17.19485555555556	-2.5832852958861707	6.369883390759782
17.228177777777784	-2.5587424986492664	6.374670634915333
17.26150000000001	-2.482306930586816	6.609911009081891
17.294833333333337	-2.47973347075002	6.605901288572056
17.32816666666667	-2.441127680788142	6.608100997202797
17.36151111111111	-2.446946685390216	6.603968517946633
17.394800000000004	-2.428960581587276	6.598630832948437
17.428111111111118	-2.437360915880788	6.594777726475115
17.461444444444446	-2.4496464333378896	6.592528613172433
17.494777777777774	-2.4581648920625554	6.592636157140156
17.528088888888888	-2.438492100591361	6.596185763914114
17.561433333333333	-2.452263918140602	6.594106641474987
17.59474444444444	-2.4521842895668016	6.594162534422836
17.628066666666665	-2.442516524162116	6.592739783006181
17.66137777777778	-2.4390236969897927	6.59256837638965
17.694711111111108	-2.4461704462903526	6.591109596486177
17.728033333333332	-2.4483196837421417	6.5914607436713055
17.76137777777778	-2.445991014983406	6.592847528400348
17.7947	-2.85683195496388	5.941883792176988
17.828	-2.624706569070014	6.04250037616665
17.86215555555556	-2.607268559362879	6.041856436704066
17.89465555555556	-2.6190624970834193	6.043494104118885
17.927966666666666	-2.6264377278504583	6.046899098472565
17.961288888888884	-2.62998497487861	6.052596517484595
17.99461111111111	-2.6344416497602197	6.055315148318101
18.027944444444444	-2.6389876748403367	6.056869009929471
18.06125555555555	-2.649517074912481	6.056591292173671
18.094622222222227	-3.0755637064301453	5.415740187430046
18.12791111111111	-2.5857824104850806	5.432620125566672
18.16123333333334	-2.563353535854759	5.421400569427568
18.194555555555564	-2.5395722701140784	5.421416587903302
18.22787777777778	-2.536324482213189	5.4224392663585235
18.261200000000006	-2.554853590100862	5.4219988564142625
18.294533333333334	-2.5399748515832528	5.424527830762159
18.32785555555556	-2.5577425666411813	5.421148171861887
18.361177777777783	-2.5403068628629626	5.418353364852706
18.3945	-2.5329455650812776	5.416442415365374
18.427822222222225	-2.531746720406801	5.418155345190861
18.46113333333334	-2.5378744330019174	5.419430991150769
18.494477777777778	-2.543284238096504	5.42430275153523
18.527799999999996	-2.5462699305412997	5.4224290033925655
18.561133333333338	-2.536565916229449	5.420625563184707
18.594444444444445	-2.5301388804497122	5.420165230037711
18.62775555555556	-2.5242886030754192	5.420091695839325
18.661100000000005	-2.522326158919512	5.419678017332146
18.694433333333333	-2.5328144841728175	5.420139612922242
18.727744444444447	-2.5332606474843686	5.420644074720535
18.761055555555554	-2.534968600754766	5.420396105343407
18.79437777777778	-2.5318359164330957	5.420172324880085
18.827711111111114	-2.5388975712886435	5.418552352763577
18.86102222222222	-2.537299233903724	5.418678747023044
18.894355555555556	-2.5398956231799303	5.418066337618839
18.92767777777778	-2.541610331798438	5.418482392214976
18.961	-2.545143287667102	5.420012271845195
18.994322222222223	-2.53713083520951	5.41946277203823
19.027644444444448	-2.5346443082627985	5.419685514691054
19.060966666666666	-2.5337314582483828	5.419729793995117
19.09428888888889	-2.530158039384517	5.419880746629936
19.12762222222222	-2.5412301603680163	5.41700257029499
19.160933333333336	-2.536142455482363	5.417868412910913
19.19426666666667	-2.5357962483667222	5.419178690768518
19.227577777777785	-2.5385245502628635	5.419631451009245
19.260911111111113	-2.5384805409684503	5.418297492100585
19.294222222222228	-2.5320606533316123	5.417941411945719
19.327555555555556	-2.5479080032809662	5.414100628779643
19.36087777777778	-2.548937068997546	5.415838467565841
19.394200000000005	-2.5408740866689357	5.419770913380418
19.427555555555553	-2.5419445689895213	5.420104774137769
19.460855555555558	-2.5431269814985455	5.419371973366069
19.494166666666672	-2.5436761117011315	5.4191357423327915
19.52751111111111	-2.5415333471464123	5.418143715559033
19.560811111111114	-2.536562247036642	5.418581918944426
19.594144444444442	-2.537768398552231	5.418637345569451
19.627488888888887	-2.6190653515941307	5.537364650799191
19.660811111111112	-2.62871688714651	5.6407684118510915
19.694122222222227	-2.6660978667238027	5.813924229161394
19.727444444444444	-2.6364582072208123	5.828597453651042
19.76075555555555	-2.6393385391290565	5.8309595917806405
19.794077777777776	-2.6270064305026324	5.838226190091085
19.8274	-2.622281383933469	6.168364452022033
19.86074444444445	-2.6255663565245015	6.16444616425153
19.894066666666667	-2.6395457740995596	6.164350234365585
19.927377777777778	-2.6440011802124133	6.163634082301783
19.960711111111117	-2.649696588782959	6.163833377206437
19.99412222222222	-2.6489363182654984	6.163304697297427
20.02738888888889	-2.6308774247197135	6.164397278295475
20.06066666666667	-2.6604657959256315	6.3751431108058085
20.094	-2.6480765005728983	6.377102290401986
20.127322222222226	-2.6493504931459455	6.378014319951291
20.160644444444443	-2.6552633783976773	6.378153335452552
20.193966666666668	-2.7506849328681398	6.674815539737033
20.227288888888893	-2.70918587201119	6.671171886817675
20.260622222222228	-2.7013307538037736	6.674138242948416
20.293933333333335	-2.7288778970687986	6.685179161711723
20.32727777777778	-3.0454850943163336	6.92651815345404
20.360577777777777	-2.6760634274763078	7.030269172627811
20.393922222222223	-2.631779112680775	7.045784725503246
20.427222222222227	-2.743220256413295	7.565739330503064
20.460544444444444	-2.6333917649493515	7.672851159622155
20.49388888888889	-2.601442134152606	7.66713501692994
20.527211111111114	-3.107168011656981	7.956797393732664
20.56052222222222	-2.693218778237082	8.0817322435907
20.593844444444446	-2.6556242800216836	8.083317351647366
20.627166666666664	-2.662292317923985	8.081113038757849
20.66051111111111	-2.645174136898774	8.081440693376706
20.693822222222224	-2.660104339407127	8.08088730342758
20.72713333333333	-2.664897792532713	8.08083433628618
20.760466666666666	-2.6723861516777845	8.0814244769196
20.79378888888889	-2.679073277798736	8.080643046880702
20.827099999999998	-2.7675235892337753	8.1846477302526
20.860444444444447	-2.7491575557822046	8.279076808438695
20.893755555555558	-2.747651193149011	8.285612135987577
20.927077777777782	-2.753547405721193	8.286642007791016
20.9604	-2.767421018657373	8.289078896285353
20.99375555555556	-2.777459536540377	8.28994165876535
21.027055555555556	-2.926436611356479	8.694226000855565
21.06037777777778	-2.800761543299032	8.824749003915393
21.093700000000005	-2.7957900965955815	8.82485787303083
21.127022222222223	-2.7930769034784646	8.824351676813897
21.160455555555558	-2.793895514944552	8.823883024660596
21.193666666666665	-2.7933422369430616	8.823445854649997
21.227000000000007	-2.7956174489427923	8.823611631347966
21.260333333333335	-2.797477719129944	8.823826618432157
21.29364444444445	-2.803416208928425	8.824367951694477
21.326955555555557	-2.792311658495535	8.825182163001784
21.360288888888885	-2.807545218982085	8.823196359400406
21.3936	-2.7985271387769757	8.824494359792233
21.426922222222224	-2.805710338280292	8.824561636944608
21.460255555555552	-2.815349491262836	8.823470802223888
21.493577777777777	-2.8007274527418957	8.8246773173083
21.52688888888889	-2.7940254871702876	8.825262049689258
21.560233333333336	-2.79798006547405	8.82479049415113
21.593544444444444	-2.8020575229081572	8.824854796244686
21.62686666666667	-2.842101551401086	8.726831834033469
21.660200000000003	-2.804391565933088	8.321922443586828
21.693544444444452	-2.907498534616863	7.854197915483198
21.726922222222225	-2.961103466142532	7.72383327211692
21.760155555555553	-2.9212271743577247	6.888460956425426
21.793477777777778	-2.8699949153578217	6.893803583933398
21.826811111111112	-2.9538386979053115	6.740331878155082
21.86012222222222	-2.8720394991282774	5.736675210806716
21.8935	-3.5721764853461906	5.297258486647877
21.926822222222224	-3.459535461780831	5.079373693867787
21.96011111111111	-2.903263371326588	4.813258011417474
21.99342222222222	-2.8795680444354588	4.7743212650932705
22.026744444444446	-3.2499857764010045	4.627680293624479
22.060066666666675	-3.1141204656461525	4.078132594313715
22.093400000000003	-3.1845915279716337	3.516286958550758
22.126722222222227	-2.9757366753298555	3.483721920621349
22.160044444444445	-2.9171755429247384	3.487729195860716
22.19335555555556	-2.9289798722222145	3.489658923176748
22.226688888888894	-2.9322825586663015	3.493754108605515
22.260011111111112	-2.9309619704158365	3.4999211435260875
22.35998888888889	-2.9343183809259727	3.4963549719868183
22.393311111111107	-2.948586225984556	3.49301530919395
22.426677777777783	-2.9398763929205813	3.4945550815805646
22.526588888888888	-2.9588410550685467	3.4961833001424623
22.559922222222223	-2.9508939092321356	3.4962959428287093
22.59324444444444	-2.9408325390077437	3.4956909971436048
22.626566666666665	-2.938696550496445	3.4960144826850197
22.6599	-2.937558079457432	3.4961949507137007
22.693211111111108	-2.943386395337768	3.4963858508669006
22.726533333333332	-2.9432267139233517	3.4979476111937515
22.759866666666667	-2.94111699843306	3.4987420684980535
22.793177777777775	-2.9359055461700905	3.4983461220992638
22.826511111111117	-2.936774699407394	3.496635968798657
22.859822222222224	-2.925796151217895	3.4981437904295305
22.89314444444444	-2.931634390792226	3.497413317837932
22.92648888888889	-2.9364374827479764	3.4973027866469693
22.959811111111115	-2.941354164579593	3.498280991482943
22.99314444444445	-2.936918719199568	3.4981606674021393
23.026444444444444	-2.937445284602589	3.4983701188845373
23.059777777777782	-2.930902131976069	3.498499231437954
23.0931	-2.929844501667276	3.4968230939525498
23.126422222222224	-2.934548419472705	3.4965939265487194
23.15986666666667	-2.937548223692019	3.496524628502023
23.193066666666667	-2.9474985563881972	3.4961123710062907
23.22637777777778	-2.929438564948498	3.499866388191897
23.259711111111116	-2.938175191791615	3.4976356517854796
23.293044444444444	-2.953323075552845	3.493274065655662
23.32636666666667	-2.9398283444001407	3.495894347804054
23.359688888888886	-2.934630423057058	3.4967615460672974
23.393	-2.940361644989366	3.4973291326176863
23.42633333333333	-2.9389517828169147	3.4977452863477225
23.459655555555553	-2.935370133935862	3.499570504369032
23.492977777777778	-2.933858326650153	3.4984520203167904
23.526311111111113	-2.944404995549121	3.4963864346927522
23.55962222222222	-2.932782211508666	3.497472899488713
23.592955555555555	-2.9393816116519105	3.4970259369891394
23.62627777777778	-2.941969479440999	3.4967320408981735
23.659600000000005	-2.938620391129163	3.4971839778886604
23.692911111111112	-2.935597708392251	3.4988529577850187
23.726244444444447	-3.4118803418459436	3.681977791880705
23.75956666666667	-2.874035310647713	4.042743000760829
23.79288888888889	-2.8758807686845955	4.032880183819863
23.826199999999996	-2.861735885338433	4.032321186921756
23.85953333333334	-2.8597721429576097	4.46326950523715
23.892855555555556	-2.926919292384042	4.45107703919728
23.92617777777778	-3.0788096222321	4.556025476611431
23.95952222222223	-2.8225595889031467	5.12569658422089
23.992822222222223	-3.1554034811289995	5.6698144815675064
24.026144444444448	-3.252835288246459	5.735398652538379
24.059488888888897	-2.9733232467730772	5.850276465531991
24.092800000000004	-2.934220788131597	6.164765810629888
24.126466666666666	-2.9869238997092253	6.580692240523554
24.159444444444446	-2.873709499103569	6.70574906632433
24.19277777777778	-2.975997835140575	7.113229569490358
24.22608888888889	-2.973276030824877	7.103742825636175
24.259455555555554	-3.0022498297480382	7.529342430718373
24.292777777777783	-2.910801878246744	7.765399406374748
24.326077777777783	-3.0685727903431115	7.877116010468974
24.3594	-3.105884221564736	8.168625968262063
24.392711111111108	-3.0690947894427154	8.175501126783502
24.426033333333333	-3.0585091915561975	8.177467827834512
24.459400000000002	-3.0643552803438894	8.182112243476396
24.492688888888893	-3.091736275796805	8.180330199122366
24.526	-3.0861845688882568	8.182360977920432
24.559333333333335	-3.092218719364226	8.184185547938341
24.59265555555556	-3.3285403300678666	8.37247268398658
24.625977777777777	-3.1558163032368753	8.383232062686574
24.659333333333336	-3.1579812022433487	8.382401255422238
24.692622222222226	-3.1405264446104013	8.388835266069087
24.725933333333334	-3.335589538249991	8.491712992838714
24.759277777777783	-3.299550752304455	8.705830842003884
24.7926	-3.309918763960553	8.710086341956895
24.82591111111111	-3.3226843244406155	8.709542398056058
24.85924444444445	-3.3344658588622735	8.70724696721718
24.892566666666667	-3.3178818435858943	8.70999504614857
24.925888888888892	-3.3202581419712516	8.709953495353169
24.959211111111117	-3.3295580104127964	8.709977904807417
24.992533333333334	-3.322080274351194	8.711795136717406
25.02585555555556	-3.3196437001333976	8.712831535866364
25.059177777777784	-3.334718599911838	8.710703307899742
25.0925	-3.330775274839354	8.710981948348163
25.125822222222226	-3.3246996274357343	8.711978080622082
25.15915555555556	-3.329381685525263	8.710612824873941
25.192477777777786	-3.328038395788198	8.711064747231454
25.225800000000003	-3.4877854136222908	8.799285517425957
25.259122222222228	-3.519438489295325	9.022017779079398
25.292444444444445	-3.5281314630074547	9.024828918282601
25.32577777777778	-3.517260797778519	9.027193947434007
25.35911111111111	-3.547648206432811	9.02489328949381
25.392411111111112	-3.5455574540529113	9.025834065173576
25.425744444444447	-3.5347610374415837	9.027070631056894
25.459066666666672	-3.5262397985733713	9.027547618065164
25.49237777777778	-3.519961295467297	9.030333069815647
25.525699999999997	-3.531011351777906	9.02876544330885
25.559200000000004	-3.5407580920905275	9.028360440080313
25.592355555555557	-3.5370496763462	9.029176652470369
25.625688888888885	-3.333341456324149	8.933972203239591
25.659	-3.3890215301008624	7.84934094808051
25.692322222222224	-3.528456007941287	7.425694121145163
25.725655555555555	-3.5025637107208354	7.435088302495586
25.758966666666666	-3.367382189553908	6.912801834438653
25.792300000000004	-3.4991556311944976	6.253642636918016
25.825622222222222	-3.3496330445148033	6.2721074587809795
25.858944444444447	-3.352745526364373	6.269802488972871
25.89226666666667	-3.2333315216058196	6.06459106301476
25.92558888888889	-3.387229635559791	5.631624215072755
25.958933333333334	-3.530571150236682	5.39964848469576
25.99225555555556	-3.4654539481650204	5.172302459121646
26.025588888888887	-3.266596928636403	4.799746231433566
26.05887777777778	-3.460470337770687	4.230614616172176
26.092200000000005	-3.6319804991711067	4.218629816572985
26.12553333333334	-3.6177179818287897	4.224086648768008
26.158844444444448	-3.632171796103293	4.227872215275774
26.192166666666672	-3.597049063931834	4.236753116240706
26.225500000000007	-3.58246815639032	4.235855474179232
26.258822222222225	-3.599724920778044	4.2335678118657185
26.29214444444445	-3.6080454472329393	4.230273255951808
26.325466666666667	-3.6146063750124	4.2282856189375195
26.358788888888885	-3.6045050035276347	4.230269280344167
26.39211111111111	-3.599055523163699	4.232203008086628
26.425433333333334	-3.5828083772888135	4.2353949028482205
26.458755555555552	-3.5497506241529493	4.240326388857078
26.49212222222222	-3.609161322512392	4.230931862941937
26.5254	-3.599042673779394	4.231633181170395
26.558733333333336	-3.600468975659467	4.231734700053529
26.592088888888888	-3.593832858369055	4.232173545837668
26.62537777777778	-3.594223818549196	4.232977568327129
26.658700000000003	-3.5725995221863087	4.236238884761022
26.692022222222228	-3.5746453386698818	4.235726623862774
26.72535555555556	-3.5835889058338495	4.234501540737405
26.75866666666667	-3.583838587762827	4.2340210441867825
26.791988888888895	-3.6201551940697385	4.229519366413854
26.825322222222226	-3.614937298153123	4.230347852750114
26.858633333333337	-3.6012825316071115	4.231998341368595
26.892011111111117	-3.596328101668121	4.2323192526163
26.925288888888893	-3.580579658631777	4.234142548800442
26.95861111111111	-3.5853039421538995	4.233670502157317
26.991966666666666	-3.620608494891002	4.227534739698704
27.025244444444446	-3.6083458158341273	4.229518329321941
27.058577777777778	-3.592631235818132	4.231254078666431
27.091900000000003	-3.1548338563902547	3.90860817301256
27.125244444444448	-3.6280561343414632	3.694563024170094
27.158544444444445	-3.6710650201888626	3.7006877104761955
27.1919	-3.6796198393967927	3.698210225654556
27.225211111111115	-3.6899290842685275	3.6960938438099973
27.258533333333332	-3.6897392805796443	3.697581896739223
27.291844444444447	-3.6865462435166876	3.6990097143870955
27.325166666666664	-3.6700620146955885	3.7007039131761914
27.35848888888889	-3.665578086823203	3.702318134162496
27.391822222222224	-3.6750570363481643	3.7009769148361755
27.42514444444445	-3.6895176119745514	3.6985651930376875
27.458455555555556	-3.7147178462974892	3.694677513134657
27.49178888888889	-3.7155214601412894	3.6947239049226326
27.525111111111116	-3.7547758356610785	3.6997562091366873
27.558444444444444	-3.7828949949265223	3.699539061197605
27.591755555555558	-3.7236540235145412	3.6977870758785443
27.625077777777783	-3.7637702781708384	3.700833365542749
27.65842222222223	-3.52896487822197	4.0183274694387165
27.691722222222225	-3.52179715395971	4.445588921115117
27.725055555555556	-3.842538391003856	4.7487677432769075
27.758366666666667	-3.808474091680182	5.072255713031076
27.791700000000006	-3.637797386851645	5.6254354141574225
27.825022222222223	-3.558795215227107	5.638413257419089
27.858344444444448	-3.6755476939498095	6.051172585765009
27.891666666666666	-3.657397809141898	6.574797811005695
27.924977777777784	-3.6968210078856885	7.307637539276563
27.958311111111115	-3.601290031694944	7.225936351822149
27.991633333333333	-3.631004043705474	7.228542489832485
28.025222222222226	-3.6755097467623443	7.854558452210419
28.058288888888892	-3.5379494108239697	7.982497641258973
28.091622222222227	-3.4448916317215463	8.082234041646565
28.124922222222224	-3.8002288232806762	8.581124936563427
28.15825555555556	-3.8419775763116917	8.589490134137023
28.191577777777784	-3.7111042366886835	8.70150523309453
28.22490000000001	-3.591036100063249	8.823180367846788
28.258233333333337	-3.557221245537889	8.824974031698737
28.291544444444444	-3.5158596291051083	8.82891026402212
28.32486666666667	-3.4866573668762015	8.819027945316797
28.358200000000004	-3.479965307089614	8.816204955228535
28.39152222222222	-3.4568602684669116	8.817474007057918
28.424833333333336	-3.441505666905357	8.818045496102641
28.45816666666667	-3.4494444752864695	8.816971327034238
28.491488888888888	-3.185724322010614	8.83884975957907
28.524811111111113	-3.5670656193102275	9.122452383217357
28.558544444444443	-3.566235412758772	9.120544119157572
28.591477777777786	-3.5695896830965523	9.123309511279935
28.62477777777778	-3.558997885230056	9.127736699602735
28.658088888888887	-3.5594567165739903	9.130753057603492
28.691433333333336	-3.5558637652835046	9.130824758232706
28.72475555555556	-3.5442422389512274	9.1337722650238
28.75807777777778	-3.549070148864871	9.133332812405982
28.791400000000003	-3.5401558785427483	9.133697296667386
28.824711111111114	-3.543120684513326	9.132570386594722
28.85803333333334	-3.5560399802542264	9.131365903423564
28.89136666666667	-3.5513083458053245	9.132547296890586
28.92467777777778	-3.5493415623267595	9.13368121254917
28.958011111111112	-3.546699825605529	9.134349167288683
28.991344444444447	-3.5470395809817745	9.133941225395063
29.024666666666672	-3.5396982658169804	9.133956683676722
29.057988888888897	-3.5552359527962807	9.132037637406235
29.091300000000004	-3.588848001926351	9.341624146310608
29.12463333333334	-3.575074269246926	9.343967912526537
29.157955555555564	-3.5627397740404803	9.34552789830203
29.191300000000002	-3.5433083832831755	9.347361876647604
29.224600000000006	-3.5453165481258395	9.3474897690324
29.257922222222223	-3.5425546860304564	9.347223745503129
29.29125555555556	-3.552977937316612	9.346283038595956
29.324577777777783	-3.5518568560566166	9.346470189056014
29.357922222222225	-3.5505984717470653	9.346546893139788
29.391233333333336	-3.56579098058063	9.345999961478924
29.424566666666674	-3.5608828703028195	9.345887873023557
29.457888888888892	-3.5595146909696496	9.345835932110177
29.491199999999996	-3.560503747704473	9.345719004082987
29.52452222222222	-3.5511391854685286	9.34658328987387
29.55785555555556	-3.552612531079049	9.345904660262825
29.591166666666663	-3.5525557708740934	9.34604643316711
29.624488888888887	-3.5658317922430314	9.345173952279652
29.657822222222226	-2.778454947577629	8.948959764714516
29.69114444444445	-2.6299910826784867	8.406247282152755
29.724455555555558	-3.626379245141081	7.627365278174423
29.757777777777783	-3.192208466716494	6.447869617401054
29.791122222222228	-3.4829909130554455	6.498517209415262
29.824422222222225	-3.193210022496743	5.541668923325204
29.85776666666667	-3.4978337711668814	5.420465240749479
29.891077777777785	-3.263682373972216	4.565049267622598
29.924388888888892	-3.329741397598056	4.153546593631248
29.957722222222227	-3.594112262066787	3.6673671155155105
29.991077777777782	-3.67291477860509	3.6976650290687374
30.02437777777778	-3.6355853195782544	3.7028976810766068
30.057688888888894	-3.6815475275113414	3.6991789467779768
30.09101111111112	-3.6901785002417142	3.6987559460338773
30.124333333333336	-3.6778724095430277	3.6996875611293447
30.15766666666667	-3.6673094359733938	3.700532638097066
30.190977777777785	-3.6773233219310697	3.700749505306085
30.224300000000003	-3.6888384984215605	3.698516407534534
30.257633333333338	-3.6864099895817617	3.6983672546026014
30.290977777777787	-3.687484784619727	3.698438455044297
30.32428888888889	-3.692726436881543	3.697519903535955
30.357600000000005	-3.662044375794494	3.700695030743333
30.390955555555557	-3.642587292323938	3.701099263091443
30.424255555555558	-3.665894020644643	3.6996998949844837
30.457566666666672	-3.6582467526312	3.6991685980415454
30.49088888888889	-3.6674335183949154	3.698812763332228
30.52426666666667	-3.6548159573416115	3.7004049572689723
30.557555555555563	-3.671295003514558	3.699590184758506
30.590855555555557	-3.679951366938596	3.6998466237473906
30.624200000000005	-3.650353084986918	3.7021388709512806
30.657511111111113	-3.681576772807915	3.7014408015262745
30.690833333333337	-3.6895634943744255	3.69967519293845
30.724166666666672	-3.698883625416613	3.6981544567640654
30.7575	-3.7057107697764167	3.6976958377313522
30.790800000000004	-3.72117480263816	3.6962204986038216
30.824122222222222	-3.760265937726871	3.698176473470646
30.857466666666667	-3.7622615432981235	3.6984994497429398
30.89077777777778	-3.764570670267588	3.6985108182153823
30.92408888888889	-3.7902683059525515	3.6964801264767786
30.957433333333334	-3.8225425805373874	3.692727352366198
30.99076666666667	-3.8532456699690414	3.6956296446367105
31.024066666666673	-3.8618118428841086	3.6962744298814414
31.057388888888898	-3.8644060077716205	3.696757898781385
31.090722222222226	-3.8362172592604082	3.6948916573986423
31.12403333333334	-3.797492425299282	3.697305371928536
31.157355555555565	-3.7828029034040753	3.6986254101499156
31.190688888888893	-3.7724621578321944	3.699118601207111
31.22401111111111	-3.6946093622342175	3.6998641157016436
31.257344444444445	-3.677266771122376	3.701440677278896
31.290666666666663	-3.685678329414813	3.700099091215634
31.323966666666667	-3.705755059956232	3.6984173982957174
31.357300000000002	-3.6994456155886013	3.698500479463064
31.390622222222227	-3.705650727279817	3.697992696715751
31.423955555555555	-3.7241516096374028	3.69610680656357
31.45727777777778	-3.7278940842487174	3.6949738152255875
31.490588888888894	-3.710834847018859	3.6962109840960764
31.52392222222222	-3.7073922971019186	3.6963484479647093
31.557244444444446	-3.700023365212189	3.6977455459941453
31.590566666666664	-3.6940644698502894	3.6982226573034325
31.62437777777778	-3.6772676746645345	3.7012235876473483
31.65724444444444	-3.6831364938807667	4.01923342885479
31.691544444444443	-3.6134857046037894	4.022576497203453
31.72385555555556	-3.6072041093163847	4.0220898831396354
31.757177777777784	-3.599372247880609	4.0222947891885
31.79051111111112	-3.4011413120549605	4.346304636504115
31.823822222222226	-3.3771911774286423	4.5656927093813735
31.857177777777775	-3.709079597622363	4.653438484012149
31.8905	-3.2891209776313133	4.989062692258386
31.923800000000004	-3.433458754012719	5.304023000045767
31.957122222222228	-3.354933297832801	5.312805825574067
31.990466666666666	-3.36016716694499	5.312839972727197
32.02377777777778	-3.366349482735643	5.31104796781613
32.057100000000005	-3.1947389663309878	5.628935049703763
32.090411111111116	-3.330323062152985	5.733847193821127
32.123733333333334	-3.5399433923452364	5.824493792195248
32.15706666666667	-3.6437079181970375	6.0374794412093
32.19038888888889	-3.5625905231300834	6.363016538975948
32.223711111111115	-3.569866154218161	6.367175760723924
32.25703333333334	-3.59719920617097	6.5778183855371
32.29036666666667	-3.4333932707888977	6.904432357365813
32.32367777777778	-3.57041289777014	7.526449763326966
32.35702222222223	-3.4590850201333154	7.94257406829675
32.39033333333334	-3.700374672109433	8.071097715000107
32.42364444444445	-3.637344634492834	8.077573047649338
32.457	-3.5874254947809163	8.503372603438436
32.490344444444446	-3.495470700199135	8.511470200231933
32.52362222222222	-3.511399548288267	8.50304559241907
32.55695555555556	-3.6415297278784493	8.731917305731898
32.59025555555556	-3.58971100291771	9.137873583661793
32.62358888888889	-3.55824679828892	9.14547723876752
32.656933333333335	-3.548396826791489	9.144745385601077
32.69023333333334	-3.54360678308025	9.141759754060438
32.723555555555556	-3.5347694549299717	9.139940421605957
32.756888888888895	-3.5418362069083145	9.137234523286857
32.790200000000006	-3.5511992586289836	9.135657759719692
32.82353333333334	-3.54468740358179	9.136148838289856
32.85686666666667	-3.5415765017531555	9.139001617418593
32.89017777777778	-3.526636916454791	9.13901390055922
32.923522222222225	-3.551453260846472	9.136334668748773
32.95682222222222	-3.540269304218967	9.136919750477603
32.99015555555556	-3.5404589854894937	9.135390515043504
33.02347777777778	-3.5721527474377694	9.132628024348143
33.05716666666667	-3.553775348641423	9.135038203466763
33.091144444444446	-3.5601060022510325	9.135478162201657
33.123444444444445	-3.5548094966026724	9.13615177905239
33.15676666666667	-3.55030340841148	9.135712003478737
33.19007777777778	-3.546956573096864	9.135493258563663
33.22341111111111	-3.551941561099966	9.134590441344017
33.25673333333334	-3.550574126784042	9.134906535576533
33.29005555555556	-3.5486445012659686	9.134817310196723
33.32336666666667	-3.5514559979099687	9.13594468660564
33.356700000000004	-3.556770808114294	9.136489451831395
33.39002222222223	-3.5535086121707167	9.135874194291105
33.42335555555556	-3.547071846553763	9.13625690066364
33.45667777777778	-3.542220060123796	9.13497154028547
33.48998888888889	-3.545877645640118	9.135227447019986
33.52331111111111	-3.5433575915769353	9.136667038926078
33.556644444444444	-3.543557323190228	9.137182987579983
33.58997777777778	-3.5453366388253045	9.136511087783553
33.623288888888894	-3.55938152971477	9.1352863327472
33.65661111111111	-3.5475768408968946	8.151336611884524
33.68995555555556	-3.479239018286293	7.871943180752027
33.723311111111116	-3.4577828144124254	7.434699216139435
33.75658888888889	-3.5551017591144074	7.3041133373279905
33.7899	-3.335663837257769	6.057344936477392
33.82322222222223	-3.40872599360992	5.316059361754689
33.85655555555556	-3.311731555290436	5.126626881217327
33.889877777777784	-3.4370693225069147	4.240761183003308
33.9232	-3.5002901541592877	3.576899938610431
33.956522222222226	-3.6070289768024395	3.7894267701985385
33.98984444444445	-3.5980778861299285	3.804168460871118
34.02316666666667	-3.5668488766259827	3.813144402856871
34.05648888888889	-3.5725206346497203	3.8109969210645005
34.0899	-3.5786662980986392	3.8093525099620535
34.12314444444445	-3.6059759267369316	3.805275952020118
34.15646666666667	-3.656039255205272	3.8049330182261087
34.189800000000005	-3.6668877093821095	3.804827928743059
34.22312222222222	-3.657745397829686	3.8058083367441498
34.25646666666667	-3.6557333762763307	3.8079176158908297
34.28978888888889	-3.6444414474583766	3.809405657278809
34.32311111111111	-3.6022444467688928	3.806911970931189
34.356411111111115	-3.58794727186212	3.8070610880713502
34.38973333333334	-3.603507322376629	3.804834815674205
34.42305555555556	-3.597715599259814	3.804815295780159
34.45637777777778	-3.572897725519553	3.807569045885998
34.48971111111111	-3.569125527392984	3.808033857675838
34.523044444444444	-3.5707727393459123	3.807976682109107
34.55634444444445	-3.580789577284932	3.807138709692758
34.589688888888894	-3.589983862704784	3.805480216553498
34.62298888888889	-3.5809607034274222	3.805982879051342
34.65632222222222	-3.581845145112183	3.8061837449878624
34.68964444444445	-3.585235682948678	3.805882894969173
34.72295555555556	-3.5999386204165376	3.8049652576357715
34.75628888888889	-3.6561065464679388	3.8061903547614904
34.78962222222223	-3.6711029252939795	3.8055127579779793
34.822922222222225	-3.672004623446284	3.8061171790197577
34.856277777777784	-3.6802891855165427	3.804568001264215
34.889588888888895	-3.675210231728059	3.8047540098667483
34.922900000000006	-3.617482672792022	3.8046188930644433
34.95622222222222	-3.5927970455934854	3.8059321256522054
34.98958888888889	-3.5437289338178317	3.810413564113972
35.0229	-3.5568818430734694	3.809399105522914
35.056200000000004	-3.5511947648435296	3.8088189728651543
35.08952222222222	-3.5675211669271505	3.807714375329212
35.12283333333334	-3.5791418319242894	3.806918405520044
35.15616666666667	-3.5754203638699806	3.806927769578536
35.1895	-3.5674770888670366	3.8072861769674375
35.22282222222223	-3.5680784708713844	3.8076287357898977
35.25616666666667	-3.5769584471911173	3.806580218543374
35.28947777777778	-3.5862689711228484	3.8055575031282416
35.32277777777778	-3.583318643241185	3.805857352711186
35.35611111111111	-3.571894170116508	3.806631576396782
35.389466666666664	-3.574973941012331	3.8066740051327272
35.42275555555556	-3.5722630081753834	3.8067794661323333
35.45607777777778	-3.576456488083153	3.806765706434824
35.4894	-3.5744382217001203	3.8071677346305606
35.522733333333335	-3.578855309190317	3.8063496546049365
35.55605555555556	-3.5778150964152076	3.8063495612488865
35.58936666666667	-3.589219761965694	3.805029732202378
35.622688888888895	-3.5726370701604395	3.8067875723434383
35.65602222222223	-3.5762083580006845	3.8073126938538238
35.689344444444444	-3.5789571129596425	3.806476967929271
35.72267777777778	-3.5805694832626926	3.8064741313777333
35.756	-3.579742020050233	3.8064186315030426
35.78931111111111	-3.5760145897606037	3.807080769430101
35.82264444444445	-3.500464149044433	4.019334518392732
35.85595555555556	-3.496302529805135	4.022151641548042
35.88928888888889	-3.512893319862272	4.020668801803083
35.92261111111112	-3.487229897635217	4.022214994241928
35.95595555555556	-3.4854841643197716	4.021725816320824
35.98928888888889	-3.500895634596475	4.020124607123741
36.02258888888889	-3.484616826136957	4.0212796261630075
36.05590000000001	-3.4903975258968245	4.020020199344877
36.08922222222222	-3.486976940313525	4.02043081045052
36.12254444444444	-3.495798541221916	4.019567728553291
36.15586666666667	-3.481358003898791	4.020691607454609
36.1892	-3.4874904052432925	4.0202096985768705
36.222522222222224	-3.4874370185635826	4.019729078459179
36.25583333333334	-3.487183806427524	4.01973173558352
36.28917777777778	-3.473712965950398	4.021128885578079
36.322500000000005	-3.457719149852309	4.0229750697103555
36.35582222222223	-3.569124856671664	4.5581420600475795
36.389177777777775	-3.600653732914708	4.546647591806931
36.42245555555556	-3.5853343953030503	4.551008532131561
36.455799999999996	-3.5799276194804435	4.551460337561096
36.48910000000001	-3.5880570632345012	4.551866639207148
36.52243333333334	-3.5902562148581154	4.551396523220667
36.55574444444444	-3.58885994098938	4.55149731672018
36.58906666666667	-3.6437144325357593	4.962653153206041
36.62238888888889	-3.424381447657197	4.879168481071247
36.65915555555556	-3.4069623410064906	4.880975759576181
36.68904444444445	-3.380976619751209	4.882011084550108
36.72236666666667	-3.381258365843067	4.879812816679198
36.7556888888889	-3.181318969295816	4.895337372607891
36.78901111111111	-3.539323809685172	5.288505261235315
36.82233333333333	-3.4875915422750694	5.299192219698661
36.855666666666664	-3.4884267304378227	5.30055153841257
36.88897777777778	-3.4509771374514457	5.3049476241953
36.92232222222222	-3.476828084247046	5.302844148955131
36.95563333333334	-3.482151949405136	5.301462424330559
36.9889888888889	-3.496899703671758	5.931306603469103
37.022288888888895	-3.4979135421699965	5.831645984152537
37.05558888888889	-3.504104214682414	5.83321029756555
37.08892222222222	-3.514769865691534	5.833606699090282
37.12224444444445	-3.5086845681511107	5.83346448836614
37.15556666666667	-3.514792864957414	5.831898476705291
37.188900000000004	-3.566311675825446	6.04205470597627
37.22221111111111	-3.611288484830368	6.037168248962736
37.25553333333333	-3.6239757840272375	6.0378379704093135
37.28885555555556	-3.6223204128054647	6.041646687300265
37.32218888888889	-3.596201200067739	6.045647650832251
37.35552222222222	-3.6063116449263504	6.04539562297289
37.388844444444445	-3.589192699314907	6.047716172998996
37.422177777777776	-3.3081144088093026	6.272945781439326
37.455488888888894	-3.295716037297595	6.271664529115469
37.4888	-3.6032986907163433	6.358275158265727
37.52212222222223	-3.4452468807522507	6.689865799117257
37.555444444444454	-3.4855671282277854	7.01689492128564
37.588788888888885	-3.5170782465581283	7.007924133984552
37.62213333333333	-3.5159231500741015	7.006386309665004
37.655411111111114	-3.507713476005307	7.005092877704058
37.68874444444445	-3.5235036554216776	7.002690221585979
37.72215555555555	-3.5415270373652703	7.000667547390059
37.75540000000001	-3.505118693570921	7.006263172221544
37.78872222222222	-3.5277662370355927	7.004373056719231
37.82203333333334	-3.5235978674758286	7.005265643248258
37.85536666666667	-3.522372665792332	7.004838375433046
37.888733333333334	-3.5510141560367003	7.000295326712056
37.92215555555557	-3.573292072590135	7.001747953722806
37.95534444444445	-3.5966196392313634	7.00183342424409
37.988666666666674	-3.5904755353467834	7.003406382756637
38.02202222222222	-3.6201022405256253	7.002375063006433
38.05531111111111	-3.6220369936915233	7.002649661823021
38.088633333333334	-3.61690712875118	7.002970626843592
38.1221	-3.619409158076124	7.002707544209123
38.15527777777778	-3.6190586710734465	7.00237529551336
38.18860000000001	-3.6232224627386387	7.002415048970569
38.22194444444445	-3.6159941261317385	7.002690839885332
38.25523333333334	-3.628317375955234	7.002875203836581
38.28856666666667	-3.609892666638544	7.005714859089068
38.32188888888889	-3.600222332061662	7.005513794900125
38.35521111111112	-3.621716741859771	7.002760663259096
38.38853333333334	-3.622402670368558	7.001969430905348
38.42185555555555	-3.620740689156605	7.002485891474038
38.45517777777778	-3.426737628340277	6.905336039936692
38.4885	-3.6733208321434176	6.4670926830222015
38.52182222222223	-3.484010485315153	6.378174763049742
38.55514444444445	-3.499309030136402	6.371607200319161
38.588466666666676	-3.5736199848189756	5.620993142696321
38.6218	-3.4555370692598757	5.738072643984104
38.655122222222225	-3.4575006667210175	5.740047334843823
38.688444444444436	-3.440184209318545	5.731123724753466
38.72176666666666	-3.408844322237883	5.731332244328769
38.755088888888885	-3.3938880078147804	5.732206549035709
38.788422222222216	-3.4007496242688973	5.72938663960803
38.82174444444444	-3.395916790784966	5.728451765255954
38.855066666666666	-3.4215980592337587	5.726247432187726
38.88838888888889	-3.4181984181172282	5.725777655903926
38.9217111111111	-3.4315539264560897	5.724829655539004
38.955033333333326	-3.414992421342788	5.726168432460611
38.988344444444444	-3.4081362393383046	5.726709238537779
39.021677777777775	-3.383795155418582	5.729390814007218
39.05502222222222	-3.3967719861286128	5.727446642757435
39.088333333333345	-3.39600704992678	5.72755547767575
39.12166666666667	-3.391631698592235	5.727570800216796
39.15496666666666	-3.392457965945667	5.7273816338420005
39.188300000000005	-3.3778216906748924	5.729794463254528
39.22162222222223	-3.383348175486688	5.729115123766512
39.254955555555554	-3.382997556047499	5.729783005542622
39.28825555555556	-3.3902302421771395	5.7282020362024255
39.32157777777777	-3.400709909390187	5.726727453295432
39.354933333333335	-3.4041060240532914	5.725886406518434
39.38824444444445	-3.4034002817555233	5.725879093520632
39.421555555555564	-3.407743392018176	5.725973692715904
39.45488888888889	-3.417885723388494	5.725564475346324
39.48820000000001	-3.411164039891645	5.7255048649532085
39.52153333333334	-3.43313279402264	5.722795162688925
39.55488888888889	-3.4156437655374106	5.724290277855658
39.58816666666667	-3.4073479059551914	5.724798139933434
39.6215	-3.4012569797670693	5.725777157437641
39.65483333333334	-3.367275831549108	5.730540151754447
39.688166666666675	-3.366839857861194	5.732134691690462
39.72152222222222	-3.446818633624119	5.9363016242784
39.7548	-3.4084104422290125	5.939654243372246
39.78811111111112	-3.402063259791575	5.9404223208915
39.8215	-3.3376355722341344	6.182639300733037
39.85476666666666	-3.4180779324397577	6.795020883771606
39.88807777777778	-3.4048197955465582	6.79506854402009
39.92141111111111	-3.2686067424584593	6.99653926723586
39.95473333333334	-3.534339392507732	7.639657695026848
39.98805555555556	-3.624560621161706	7.636214423765864
40.02141111111113	-3.6449559191149206	7.636199320660616
40.05471111111112	-3.52920866311365	7.967260825059299
40.08803333333334	-3.566254454944044	7.962498091447429
40.12135555555555	-3.689486824532125	8.362941083056391
40.15466666666667	-3.389805234033261	8.306908050224045
40.188	-3.3691214338719675	8.295721470097916
40.22132222222223	-3.6427384279191557	8.473406307527789
40.25464444444445	-3.542788247328417	8.495728939332231
40.287977777777776	-3.513193580720227	8.498850481089427
40.3213	-3.529982786531349	8.496711646212312
40.35465555555555	-3.5350023881021286	8.497069570035457
40.387944444444436	-3.5373119502298636	8.497934571113518
40.42127777777778	-3.527293804012402	8.4983555605913
40.454600000000006	-3.5347620147350938	8.495386796670957
40.48791111111111	-3.3980715717948016	8.724838482825334
40.521233333333335	-3.518159354646329	8.713275014700876
40.554555555555545	-3.5063881635150693	8.714277697975255
40.58787777777777	-3.5069116228127797	8.714085846271324
40.621199999999995	-3.5294572989796507	8.713178450091341
40.65453333333334	-3.525171313367977	8.71421505545004
40.687844444444444	-3.5119089455790657	8.713279647630294
40.72117777777779	-3.529610544728243	8.711739468109556
40.75453333333334	-3.5399159860815956	8.709885738545253
40.787811111111104	-3.54651658289319	8.70881604617923
40.82113333333333	-3.5452022355444512	8.709550901394529
40.85446666666666	-3.5378979098834407	8.710890778935216
40.88777777777778	-3.5400639054936818	8.710449835339865
40.92112222222223	-3.5416866350695244	8.709908586919298
40.954444444444455	-3.5422565362090808	8.709169539229094
40.987788888888886	-3.3302643815895436	9.147796952381036
41.021088888888904	-3.5732329396151954	9.131285076199582
41.054411111111115	-3.585664946848226	9.131526457723822
41.08773333333334	-3.5623995232260626	9.13451583674135
41.121055555555564	-3.5592973659666285	9.135098100809834
41.15437777777779	-3.5519754178094303	9.135277533496797
41.18768888888888	-3.5480761045580493	9.135298065650936
41.22103333333334	-3.548140495414245	9.134827932503441
41.25435555555556	-3.552020702309477	9.13437188150246
41.287666666666674	-3.554620592105792	9.134503604765605
41.321	-3.566407994171186	9.133450012938276
41.35432222222222	-3.530554657347963	9.13742287771278
41.38763333333335	-3.5307532236912067	9.136813663924812
41.42095555555557	-3.561334521114077	9.134034979357345
41.4542888888889	-3.5547603929866227	9.133712052956312
41.48762222222223	-3.554333628326077	9.134148311681983
